01000001000000000000000000000000
01000010000000000000001000000000
01000011000000000000010000000000
01000100000000000000000000100000
01000101000000000000000000000000
10000101001000010000000000000000
01000110000000000000000000000000
10000110001000001111000000000000
01001000000000000000000000000000
01000111000000000000000000000000
10000111001000001100000000000000
00101001001010010000000000000000
00001001010010011100000000000000
00001001010010000100000000000000
11001001010010000000000000000000
00101010001110010000000000000000
00001010010100011000000000000000
00001010010100001000000000000000
11001010010100000000000000000000
00101001010010101000000000000000
00001000010000100100000000000000
01000111001110000000000000001000
01100000000000000101100000000000
00101001001010010000000000000000
00001001010010011000000000000000
00001001010010001100000000000000
10101000010010000000000000000000
01000110001100000000000000001000
01100000000000000100000000000000
01000101001010000000000000001000
01100000000000000011000000000000